0 0.458506 0.334769 0.033195 0.060280
0 0.488243 0.301938 0.037344 0.076426
0 0.515906 0.341765 0.034578 0.054898
0 0.596819 0.326695 0.033195 0.063509
0 0.684647 0.516685 0.041494 0.083961
0 0.734786 0.517761 0.046335 0.075350
0 0.854772 0.416577 0.040111 0.062433
1 0.410443 0.250807 0.029737 0.064586
1 0.427732 0.270183 0.026971 0.064586
1 0.395228 0.393972 0.026971 0.068891
1 0.424965 0.425727 0.025588 0.074273
1 0.595090 0.388052 0.026971 0.063509
1 0.655602 0.333692 0.023513 0.071044
1 0.692600 0.291173 0.022822 0.065662
1 0.721646 0.293864 0.021438 0.064586
1 0.695021 0.343918 0.020747 0.061356
1 0.682227 0.383746 0.022822 0.061356
1 0.579184 0.510764 0.026971 0.067815
1 0.633472 0.577503 0.024896 0.065662
1 0.858921 0.451023 0.023513 0.062433
1 0.939488 0.447793 0.022822 0.079656
1 0.882434 0.804629 0.029046 0.080732
