0 0.293914 0.619483 0.049793 0.078579
0 0.334025 0.620022 0.045643 0.086114
0 0.187414 0.782562 0.045643 0.071044
0 0.595781 0.630248 0.035270 0.082885
0 0.625173 0.599031 0.045643 0.078579
0 0.611342 0.696448 0.045643 0.077503
0 0.624827 0.754037 0.057400 0.072121
1 0.167704 0.344456 0.025588 0.060280
1 0.352697 0.399892 0.035961 0.085038
1 0.413555 0.410118 0.040111 0.090420
1 0.617220 0.416577 0.029737 0.090420
1 0.680844 0.472013 0.028354 0.052745
1 0.685339 0.498924 0.026279 0.076426
1 0.698824 0.601184 0.033887 0.074273
1 0.831950 0.627557 0.034578 0.071044
1 0.471300 0.609795 0.029737 0.080732
1 0.494467 0.659849 0.030429 0.081808
1 0.422891 0.737352 0.038036 0.077503
1 0.369986 0.719053 0.034578 0.075350
1 0.399723 0.601722 0.029046 0.096878
1 0.102006 0.242196 0.021438 0.071044
1 0.137621 0.173843 0.022130 0.059203
1 0.085754 0.170614 0.020747 0.061356
