1 0.401107 0.336921 0.035961 0.071044
1 0.447787 0.360065 0.031120 0.089343
1 0.298409 0.277718 0.035270 0.062433
1 0.274205 0.203983 0.032503 0.082885
1 0.232365 0.248116 0.023513 0.078579
1 0.243084 0.237890 0.022822 0.077503
1 0.539073 0.060280 0.029737 0.064586
1 0.584716 0.099569 0.029737 0.065662
1 0.870678 0.268030 0.026279 0.075350
1 0.445712 0.724435 0.032503 0.071044
1 0.403181 0.569968 0.031812 0.078579
1 0.366183 0.586652 0.028354 0.088267
1 0.160788 0.573735 0.029737 0.075350
1 0.116874 0.555974 0.038728 0.072121
0 0.462310 0.164693 0.039419 0.068891
0 0.489281 0.287406 0.046335 0.064586
0 0.507261 0.351991 0.043568 0.058127
0 0.614799 0.040904 0.038728 0.027987
0 0.868603 0.192142 0.040111 0.069968
0 0.217151 0.406889 0.040111 0.064586
0 0.275588 0.523681 0.039419 0.059203
0 0.280083 0.487621 0.038728 0.071044
