0 0.601660 0.360603 0.047026 0.060280
0 0.602006 0.297094 0.044952 0.060280
0 0.755533 0.650700 0.050484 0.078579
0 0.636929 0.627018 0.052559 0.067815
0 0.846473 0.658235 0.042877 0.061356
1 0.492047 0.367600 0.036653 0.072121
1 0.546335 0.411195 0.030429 0.083961
1 0.637275 0.462863 0.026971 0.066738
1 0.665629 0.461787 0.025588 0.073197
1 0.621024 0.259957 0.022130 0.057051
1 0.634855 0.244887 0.024896 0.061356
1 0.768672 0.411195 0.029737 0.064586
1 0.778354 0.463940 0.022822 0.077503
1 0.869986 0.454790 0.029046 0.065662
1 0.937068 0.725511 0.027663 0.077503
1 0.851660 0.690527 0.026971 0.063509
1 0.536307 0.564047 0.039419 0.060280
1 0.525242 0.595802 0.042185 0.072121
1 0.280429 0.388052 0.032503 0.065662
