0 0.429461 0.313240 0.037344 0.060280
0 0.458852 0.381593 0.043568 0.063509
0 0.384163 0.410657 0.056017 0.063509
0 0.754495 0.404736 0.052559 0.071044
0 0.772130 0.204521 0.036653 0.064586
1 0.325380 0.329386 0.026971 0.066738
1 0.343707 0.327772 0.031812 0.074273
1 0.511065 0.249193 0.031812 0.067815
1 0.588520 0.208288 0.030429 0.078579
1 0.619986 0.184607 0.029737 0.063509
1 0.628976 0.265877 0.026971 0.062433
1 0.605463 0.365985 0.021438 0.068891
1 0.660788 0.382670 0.035270 0.076426
1 0.680498 0.469860 0.024896 0.067815
1 0.694675 0.537675 0.029737 0.069968
1 0.519710 0.616254 0.040802 0.078579
0 0.767289 0.488698 0.039419 0.068891
0 0.389004 0.284715 0.042185 0.065662
1 0.437068 0.477933 0.022130 0.081808
1 0.447095 0.453714 0.028354 0.074273
