0 0.556017 0.432185 0.041494 0.078579
0 0.600622 0.467707 0.038036 0.076426
0 0.466113 0.543595 0.035961 0.068891
0 0.432918 0.572121 0.035961 0.072121
0 0.321923 0.351991 0.042185 0.062433
0 0.090249 0.509150 0.039419 0.062433
0 0.203665 0.568891 0.044952 0.074273
1 0.149723 0.391819 0.039419 0.103337
1 0.293223 0.446179 0.037344 0.078579
1 0.345436 0.479010 0.031120 0.068891
1 0.368949 0.438105 0.035270 0.083961
1 0.380014 0.344995 0.031120 0.065662
1 0.425657 0.472013 0.031120 0.074273
1 0.691563 0.478471 0.023513 0.078579
1 0.707123 0.475242 0.022822 0.087191
1 0.628285 0.277180 0.031120 0.089343
1 0.599585 0.212594 0.023513 0.078579
1 0.555671 0.296555 0.040802 0.082885
1 0.557400 0.126480 0.026279 0.063509
1 0.196750 0.122713 0.028354 0.073197
1 0.483057 0.414424 0.021438 0.077503
