0 0.517289 0.188375 0.041494 0.066738
0 0.550484 0.269107 0.040111 0.064586
0 0.588866 0.293326 0.038036 0.069968
0 0.591632 0.049516 0.036653 0.043057
0 0.545297 0.038213 0.029737 0.020452
0 0.872061 0.069968 0.030429 0.047363
0 0.338866 0.562433 0.051176 0.085038
0 0.287690 0.480086 0.040111 0.066738
0 0.327455 0.362217 0.040802 0.067815
1 0.348202 0.317546 0.025588 0.071044
1 0.360304 0.252960 0.030429 0.058127
1 0.414246 0.254037 0.027663 0.058127
1 0.402144 0.285253 0.029737 0.055974
1 0.516943 0.092573 0.024205 0.073197
1 0.561203 0.101184 0.025588 0.068891
1 0.848202 0.195371 0.032503 0.069968
1 0.426003 0.620022 0.034578 0.083961
1 0.485131 0.670614 0.031120 0.071044
1 0.563278 0.694833 0.024205 0.065662
1 0.272822 0.523143 0.032503 0.066738
1 0.255533 0.599569 0.028354 0.066738
1 0.608921 0.387513 0.026971 0.073197
1 0.514869 0.315931 0.029737 0.069968
0 0.274896 0.399892 0.039419 0.063509
