0 0.329530 0.451561 0.044952 0.072121
0 0.407331 0.469860 0.044260 0.074273
0 0.524550 0.761033 0.054633 0.083961
0 0.462310 0.785791 0.047718 0.079656
0 0.382089 0.763186 0.039419 0.062433
0 0.404910 0.791173 0.044952 0.066738
0 0.173237 0.605490 0.042185 0.074273
0 0.056362 0.426803 0.046335 0.065662
0 0.027663 0.347147 0.048409 0.072121
0 0.210235 0.160926 0.030429 0.078579
0 0.246888 0.148547 0.033195 0.062433
0 0.025934 0.127557 0.038036 0.057051
0 0.085408 0.136706 0.039419 0.064586
0 0.020401 0.172228 0.040802 0.062433
1 0.353389 0.191066 0.040111 0.093649
1 0.481674 0.053821 0.033887 0.066738
1 0.615837 0.571044 0.039419 0.102260
1 0.678769 0.548977 0.032503 0.086114
1 0.743084 0.535522 0.029737 0.085038
1 0.631743 0.761572 0.036653 0.065662
1 0.632434 0.778794 0.028354 0.067815
1 0.347856 0.665231 0.027663 0.077503
1 0.343015 0.541981 0.027663 0.078579
1 0.410443 0.544672 0.022822 0.073197
1 0.315698 0.608181 0.032503 0.079656
1 0.314315 0.708288 0.025588 0.081808
1 0.264523 0.695910 0.026971 0.078579
1 0.215422 0.466631 0.033887 0.085038
1 0.104772 0.402583 0.032503 0.075350
