0 0.216113 0.549516 0.040802 0.059203
0 0.290111 0.603337 0.042185 0.080732
0 0.383817 0.596878 0.051176 0.080732
0 0.462310 0.314316 0.035270 0.075350
0 0.490664 0.306243 0.042185 0.067815
0 0.278700 0.222820 0.044260 0.073197
0 0.280083 0.051130 0.044260 0.046286
0 0.325726 0.048977 0.031812 0.044133
0 0.602697 0.039828 0.033887 0.025834
1 0.635546 0.076964 0.024896 0.072121
1 0.308437 0.118407 0.027663 0.062433
1 0.333333 0.152314 0.029046 0.067815
1 0.415629 0.308934 0.033195 0.060280
1 0.382434 0.391281 0.024896 0.072121
1 0.290802 0.395587 0.021438 0.061356
1 0.252075 0.384822 0.018672 0.063509
1 0.262448 0.393972 0.022822 0.073197
1 0.211272 0.349300 0.031120 0.074273
1 0.368257 0.655005 0.031120 0.076426
1 0.334716 0.718515 0.030429 0.067815
1 0.587483 0.329925 0.026971 0.069968
1 0.618949 0.364370 0.029046 0.063509
